1611.052 0.10 0.00
2048.682 0.82 0.00
3829.802 0.80 0.00
4450.182 0.82 0.00
6982.822 0.62 0.00
8617.962 0.49 0.00
10049.292 0.12 0.00
10957.222 0.72 0.00
11544.942 0.41 0.00
11620.062 0.27 0.00
12686.882 0.83 0.00
12696.742 0.23 0.00
13384.792 0.60 0.00
16052.192 0.16 0.00
16052.142 0.64 0.00
16149.552 0.76 0.00
20410.742 0.48 0.00
21641.842 0.71 0.00
23722.462 0.43 0.00
24603.982 0.82 0.00
27790.732 0.43 0.00
29216.892 0.72 0.00
30772.732 0.19 0.00
32690.132 0.76 0.00
32869.702 0.43 0.00
34459.582 0.48 0.00
37062.392 0.75 0.00
37729.852 0.72 0.00
37746.362 0.70 0.00
38109.212 0.50 0.00
38815.912 0.13 0.00
39655.402 0.70 0.00
40195.192 0.19 0.00
40547.382 0.52 0.00
42492.252 0.83 0.00
43844.662 0.68 0.00
45491.202 0.57 0.00
45820.672 0.85 0.00
46557.642 0.84 0.00
46591.542 0.14 0.00
47930.682 0.10 0.00
48450.042 0.81 0.00
48538.212 0.60 0.00
50466.762 0.58 0.00
50483.112 0.53 0.00
52604.722 0.61 0.00
53114.342 0.86 0.00
53427.082 0.78 0.00
54282.192 0.40 0.00
54311.852 0.61 0.00
54444.092 0.66 0.00
54600.872 0.67 0.00
56691.822 0.57 0.00
58098.682 0.85 0.00
59802.062 0.77 0.00
60931.012 0.84 0.00
64343.422 0.75 0.00
64712.852 0.43 0.00
64800.672 0.83 0.00
67574.152 0.16 0.00
69135.702 0.45 0.00
69472.432 0.62 0.00
70657.472 0.67 0.00
72648.562 0.44 0.00
73422.142 0.82 0.00
77623.372 0.71 0.00
79613.362 0.70 0.00
79827.342 0.13 0.00
81981.892 0.76 0.00
82982.572 0.19 0.00
