4449.007 0.88 0.00
8614.477 0.57 0.00
8635.977 0.37 0.00
13384.197 0.88 0.00
27791.577 0.19 0.00
30770.447 0.82 0.00
32688.057 0.84 0.00
32867.527 0.82 0.00
34456.217 0.65 0.00
37061.687 0.65 0.00
37124.487 0.59 0.00
43843.987 0.85 0.00
48537.527 0.86 0.00
53113.617 0.84 0.00
53426.417 0.87 0.00
54311.217 0.81 0.00
54349.187 0.18 0.00
54443.427 0.86 0.00
60930.297 0.88 0.00
69472.207 0.50 0.00
69498.617 0.35 0.00
69507.237 0.15 0.00
73421.457 0.86 0.00
77622.737 0.86 0.00
77671.657 0.18 0.00
79826.127 0.47 0.00
81981.207 0.88 0.00
