1583.932 0.22 0.00
1756.342 0.27 0.00
2047.652 0.87 0.00
3828.812 0.71 0.00
4448.582 0.84 0.00
6981.932 0.14 0.00
8614.392 0.50 0.00
10044.912 0.63 0.00
10955.762 0.62 0.00
11615.552 0.28 0.00
12685.952 0.33 0.00
12696.392 0.22 0.00
13383.402 0.81 0.00
16048.972 0.67 0.00
16146.272 0.43 0.00
20407.382 0.71 0.00
21640.382 0.71 0.00
23716.652 0.25 0.00
24602.562 0.88 0.00
27773.462 0.41 0.00
29215.352 0.59 0.00
30770.362 0.64 0.00
32557.922 0.18 0.00
32688.282 0.88 0.00
32867.722 0.72 0.00
33395.562 0.34 0.00
34456.322 0.69 0.00
37060.902 0.86 0.00
37728.482 0.82 0.00
37745.162 0.42 0.00
38104.412 0.48 0.00
39654.092 0.42 0.00
40177.872 0.20 0.00
40546.122 0.80 0.00
42490.742 0.82 0.00
43843.202 0.87 0.00
45489.782 0.54 0.00
45819.232 0.88 0.00
46556.142 0.83 0.00
47927.052 0.58 0.00
48448.522 0.84 0.00
48536.742 0.87 0.00
48845.442 0.14 0.00
50465.272 0.84 0.00
50482.222 0.75 0.00
52598.812 0.42 0.00
53112.842 0.89 0.00
53425.612 0.89 0.00
54278.272 0.13 0.00
54310.402 0.86 0.00
54442.642 0.89 0.00
54598.692 0.51 0.00
56690.362 0.70 0.00
58097.172 0.83 0.00
59799.152 0.68 0.00
60929.522 0.89 0.00
64341.982 0.87 0.00
64566.162 0.77 0.00
64712.082 0.66 0.00
64799.182 0.82 0.00
67569.572 0.52 0.00
69131.902 0.17 0.00
69471.522 0.80 0.00
70653.922 0.48 0.00
72625.042 0.21 0.00
73420.672 0.89 0.00
77621.922 0.89 0.00
79612.062 0.86 0.00
79811.032 0.37 0.00
81980.402 0.88 0.00
82977.422 0.33 0.00
