34455.282 0.80 0.00
37123.682 0.62 0.00
42490.252 0.14 0.00
42521.442 0.12 0.00
43842.832 0.78 0.00
45814.322 0.65 0.00
48536.292 0.73 0.00
48845.072 0.86 0.00
53112.452 0.83 0.00
53425.092 0.80 0.00
54112.772 0.13 0.00
54310.002 0.55 0.00
54442.252 0.89 0.00
54597.502 0.72 0.00
54912.262 0.76 0.00
58096.812 0.77 0.00
59797.892 0.78 0.00
60929.122 0.86 0.00
64341.452 0.49 0.00
64798.842 0.85 0.00
64840.122 0.54 0.00
67568.922 0.23 0.00
69471.072 0.88 0.00
73420.272 0.89 0.00
76383.622 0.35 0.00
77621.482 0.83 0.00
79409.532 0.15 0.00
79812.902 0.57 0.00
81980.022 0.86 0.00
