4447.927 0.88 0.00
8612.767 0.68 0.00
8634.407 0.34 0.00
10001.167 0.10 0.00
13383.107 0.90 0.00
27773.087 0.16 0.00
30769.447 0.79 0.00
32687.177 0.81 0.00
32866.537 0.74 0.00
34454.537 0.76 0.00
37060.537 0.62 0.00
37122.757 0.77 0.00
43842.887 0.79 0.00
45818.917 0.77 0.00
48536.467 0.87 0.00
53112.547 0.81 0.00
53425.317 0.83 0.00
53481.777 0.62 0.00
54310.177 0.78 0.00
54348.297 0.10 0.00
54442.327 0.86 0.00
60929.217 0.89 0.00
64341.627 0.40 0.00
69471.157 0.57 0.00
69497.797 0.26 0.00
69506.337 0.15 0.00
73420.307 0.69 0.00
77621.647 0.88 0.00
79812.007 0.14 0.00
81980.117 0.89 0.00
