34457.642 0.68 0.00
37125.982 0.72 0.00
42491.352 0.58 0.00
42522.202 0.38 0.00
43843.752 0.84 0.00
45819.652 0.72 0.00
48537.272 0.84 0.00
48663.222 0.52 0.00
48845.982 0.71 0.00
53113.382 0.87 0.00
53426.082 0.83 0.00
54121.602 0.19 0.00
54310.942 0.60 0.00
54443.152 0.87 0.00
54598.812 0.46 0.00
54913.002 0.70 0.00
58097.732 0.62 0.00
59799.992 0.82 0.00
60368.332 0.16 0.00
60930.062 0.85 0.00
64342.382 0.67 0.00
64799.722 0.82 0.00
64840.872 0.69 0.00
67573.042 0.56 0.00
69133.512 0.28 0.00
69472.012 0.88 0.00
73421.222 0.90 0.00
76385.742 0.52 0.00
77622.372 0.84 0.00
79828.662 0.30 0.00
81980.932 0.85 0.00
