34663.494 0.83 0.00
37122.864 0.62 0.00
38458.204 0.50 0.00
38810.994 0.71 0.00
39741.274 0.74 0.00
42993.954 0.77 0.00
45044.944 0.76 0.00
45848.404 0.90 0.00
47924.354 0.81 0.00
48537.384 0.55 0.00
52598.684 0.51 0.00
53241.934 0.74 0.00
53314.054 0.87 0.00
53413.294 0.72 0.00
53426.074 0.26 0.00
54275.704 0.64 0.00
54443.334 0.53 0.00
54596.254 0.90 0.00
54726.444 0.22 0.00
55385.154 0.80 0.00
56857.944 0.23 0.00
59796.314 0.88 0.00
60166.204 0.42 0.00
60929.984 0.13 0.00
63241.714 0.69 0.00
63282.014 0.31 0.00
67568.504 0.49 0.00
69128.164 0.17 0.00
70135.084 0.90 0.00
70651.404 0.78 0.00
76381.994 0.87 0.00
77622.604 0.80 0.00
79408.344 0.75 0.00
81364.634 0.72 0.00
82976.404 0.62 0.00
