34666.134 0.25 0.00
37125.204 0.26 0.00
38460.324 0.27 0.00
38813.874 0.25 0.00
39743.434 0.20 0.00
42995.984 0.69 0.00
45045.314 0.89 0.00
45849.214 0.89 0.00
47926.994 0.60 0.00
52600.994 0.50 0.00
53244.004 0.74 0.00
53314.644 0.82 0.00
53415.564 0.36 0.00
53427.954 0.29 0.00
54277.974 0.31 0.00
54445.134 0.64 0.00
54596.874 0.88 0.00
54731.004 0.11 0.00
55386.254 0.68 0.00
56868.064 0.21 0.00
59529.654 0.23 0.00
59797.374 0.60 0.00
60168.564 0.11 0.00
60931.954 0.43 0.00
60945.004 0.11 0.00
63244.214 0.45 0.00
63284.594 0.36 0.00
67572.784 0.28 0.00
69131.424 0.53 0.00
70135.434 0.88 0.00
70653.684 0.65 0.00
76383.004 0.71 0.00
77624.274 0.72 0.00
79410.514 0.43 0.00
81366.744 0.19 0.00
82980.254 0.69 0.00
