3868.942 0.85 0.00
4505.052 0.26 0.00
4783.612 0.66 0.00
5541.292 0.76 0.00
7653.932 0.48 0.00
8069.712 0.43 0.00
8119.802 0.72 0.00
9626.812 0.45 0.00
11726.562 0.63 0.00
11769.202 0.20 0.00
11870.622 0.12 0.00
12349.692 0.84 0.00
13071.452 0.86 0.00
13767.092 0.62 0.00
13826.002 0.81 0.00
14102.692 0.58 0.00
14865.132 0.84 0.00
15353.072 0.74 0.00
17577.372 0.67 0.00
18061.312 0.28 0.00
21423.362 0.80 0.00
21460.912 0.62 0.00
22188.292 0.56 0.00
24139.862 0.82 0.00
24357.182 0.74 0.00
24489.442 0.85 0.00
24991.162 0.69 0.00
25358.842 0.90 0.00
25833.152 0.73 0.00
26780.062 0.61 0.00
28375.042 0.17 0.00
28713.712 0.33 0.00
28802.112 0.55 0.00
29188.862 0.88 0.00
29963.972 0.76 0.00
30962.832 0.20 0.00
31055.272 0.56 0.00
31179.672 0.21 0.00
31261.522 0.78 0.00
31634.292 0.27 0.00
32240.842 0.83 0.00
32381.052 0.86 0.00
34049.932 0.58 0.00
34639.502 0.88 0.00
34733.462 0.76 0.00
36293.312 0.72 0.00
36325.102 0.20 0.00
36824.282 0.54 0.00
37160.442 0.83 0.00
37660.652 0.66 0.00
