1876.332 0.21 0.00
3262.812 0.70 0.00
4781.532 0.28 0.00
7651.902 0.70 0.00
11868.702 0.40 0.00
12348.622 0.87 0.00
13070.732 0.88 0.00
13764.802 0.42 0.00
14102.212 0.89 0.00
14864.422 0.88 0.00
15352.052 0.87 0.00
17575.402 0.79 0.00
19965.262 0.82 0.00
21422.362 0.84 0.00
22066.142 0.87 0.00
22186.842 0.82 0.00
22300.272 0.63 0.00
23396.072 0.76 0.00
24356.322 0.84 0.00
24488.712 0.89 0.00
24990.192 0.88 0.00
25832.142 0.64 0.00
26566.232 0.85 0.00
27404.412 0.78 0.00
28376.642 0.32 0.00
28712.872 0.87 0.00
28801.072 0.87 0.00
28966.352 0.70 0.00
29188.122 0.88 0.00
29963.002 0.47 0.00
30744.522 0.79 0.00
30760.792 0.17 0.00
31054.262 0.78 0.00
31146.092 0.85 0.00
31177.502 0.71 0.00
31259.372 0.66 0.00
31632.012 0.74 0.00
32380.302 0.86 0.00
33231.412 0.59 0.00
34049.002 0.88 0.00
34638.772 0.87 0.00
34732.432 0.86 0.00
35517.802 0.50 0.00
37159.452 0.83 0.00
37659.662 0.88 0.00
38280.462 0.86 0.00
38472.782 0.86 0.00
38696.902 0.27 0.00
40435.672 0.82 0.00
41987.522 0.88 0.00
44699.982 0.89 0.00
45743.242 0.87 0.00
45785.622 0.90 0.00
45794.872 0.20 0.00
48018.522 0.84 0.00
48054.782 0.57 0.00
48621.382 0.63 0.00
48790.802 0.79 0.00
48802.442 0.16 0.00
49179.502 0.54 0.00
49711.842 0.88 0.00
49863.972 0.84 0.00
51680.172 0.71 0.00
52223.112 0.38 0.00
52239.142 0.86 0.00
52487.322 0.80 0.00
52756.072 0.88 0.00
52904.052 0.64 0.00
52993.132 0.84 0.00
53604.292 0.57 0.00
53790.012 0.64 0.00
54174.052 0.42 0.00
54690.452 0.45 0.00
54775.042 0.27 0.00
54913.882 0.80 0.00
55319.372 0.66 0.00
56492.452 0.75 0.00
57031.362 0.86 0.00
57042.062 0.86 0.00
57048.442 0.28 0.00
57425.122 0.66 0.00
57965.772 0.88 0.00
59600.882 0.85 0.00
59813.452 0.87 0.00
60677.272 0.85 0.00
60785.532 0.87 0.00
61192.472 0.88 0.00
61260.312 0.36 0.00
61276.972 0.17 0.00
61609.202 0.62 0.00
62008.252 0.84 0.00
62415.522 0.50 0.00
62922.862 0.74 0.00
63003.072 0.88 0.00
63011.832 0.65 0.00
63848.842 0.82 0.00
64184.642 0.86 0.00
64196.802 0.82 0.00
64406.802 0.88 0.00
64441.642 0.88 0.00
65815.082 0.86 0.00
65918.782 0.89 0.00
66332.212 0.83 0.00
66358.452 0.68 0.00
66750.842 0.87 0.00
67052.992 0.88 0.00
69857.332 0.89 0.00
69904.232 0.26 0.00
70121.492 0.86 0.00
70392.402 0.85 0.00
71317.682 0.89 0.00
72353.392 0.12 0.00
73986.142 0.87 0.00
74267.442 0.87 0.00
76151.482 0.88 0.00
81277.182 0.85 0.00
82693.972 0.90 0.00
