3867.522 0.85 0.00
4500.772 0.28 0.00
4777.372 0.27 0.00
5537.192 0.43 0.00
7650.902 0.20 0.00
8068.272 0.63 0.00
8118.292 0.78 0.00
9625.272 0.44 0.00
11725.142 0.79 0.00
11768.252 0.39 0.00
11864.042 0.46 0.00
12348.202 0.86 0.00
13070.172 0.88 0.00
13760.252 0.52 0.00
13824.512 0.81 0.00
14101.712 0.78 0.00
14863.842 0.89 0.00
15351.522 0.80 0.00
17575.042 0.66 0.00
18060.092 0.22 0.00
19964.752 0.51 0.00
21421.902 0.86 0.00
21460.082 0.35 0.00
22186.992 0.86 0.00
24138.402 0.84 0.00
24355.762 0.88 0.00
24488.172 0.88 0.00
24989.682 0.91 0.00
25358.182 0.90 0.00
25831.642 0.84 0.00
26778.652 0.86 0.00
28357.992 0.81 0.00
28712.262 0.79 0.00
28800.682 0.55 0.00
29187.562 0.81 0.00
29962.512 0.89 0.00
30960.022 0.66 0.00
31053.842 0.80 0.00
31258.082 0.75 0.00
31630.642 0.41 0.00
32239.382 0.88 0.00
32379.782 0.90 0.00
33230.962 0.42 0.00
34007.212 0.44 0.00
34048.512 0.88 0.00
34638.212 0.87 0.00
34731.992 0.87 0.00
36291.892 0.67 0.00
36323.782 0.16 0.00
36822.732 0.86 0.00
37158.972 0.87 0.00
37659.222 0.78 0.00
