3261.852 0.68 0.00
4775.712 0.19 0.00
7649.092 0.22 0.00
9197.172 0.26 0.00
11863.822 0.18 0.00
12347.792 0.83 0.00
13069.722 0.90 0.00
14101.292 0.90 0.00
14863.432 0.89 0.00
15351.142 0.78 0.00
17573.832 0.73 0.00
19964.372 0.80 0.00
21421.472 0.72 0.00
22065.502 0.87 0.00
22186.122 0.82 0.00
22299.602 0.73 0.00
23395.812 0.47 0.00
24137.962 0.23 0.00
24355.392 0.87 0.00
24487.722 0.91 0.00
24989.272 0.86 0.00
25831.262 0.54 0.00
26565.292 0.84 0.00
27403.502 0.74 0.00
28360.112 0.20 0.00
28711.972 0.90 0.00
28800.212 0.86 0.00
28963.932 0.76 0.00
29187.142 0.89 0.00
29381.092 0.19 0.00
29962.142 0.89 0.00
30743.562 0.87 0.00
30759.992 0.20 0.00
31053.442 0.80 0.00
31145.162 0.84 0.00
31176.752 0.47 0.00
31257.082 0.57 0.00
31630.002 0.53 0.00
31887.952 0.38 0.00
32379.332 0.88 0.00
33230.522 0.69 0.00
34048.082 0.90 0.00
34637.802 0.87 0.00
34731.562 0.84 0.00
35516.932 0.62 0.00
37158.532 0.79 0.00
37658.782 0.84 0.00
38279.482 0.87 0.00
38471.842 0.90 0.00
38693.842 0.11 0.00
40434.632 0.77 0.00
41986.602 0.88 0.00
43519.352 0.15 0.00
44698.992 0.90 0.00
45742.512 0.89 0.00
45784.762 0.77 0.00
45794.152 0.15 0.00
48017.632 0.85 0.00
48054.012 0.27 0.00
48620.422 0.79 0.00
48789.902 0.86 0.00
48801.692 0.16 0.00
49154.042 0.31 0.00
49711.012 0.85 0.00
49863.022 0.86 0.00
51679.242 0.71 0.00
52222.172 0.86 0.00
52238.412 0.48 0.00
52484.932 0.83 0.00
52755.082 0.90 0.00
52903.442 0.78 0.00
52992.152 0.88 0.00
53603.432 0.66 0.00
53789.122 0.56 0.00
54157.302 0.39 0.00
54686.122 0.18 0.00
54774.102 0.34 0.00
54911.522 0.76 0.00
55318.412 0.63 0.00
56472.792 0.38 0.00
56491.522 0.77 0.00
57030.382 0.89 0.00
57041.082 0.90 0.00
57047.752 0.19 0.00
57424.142 0.65 0.00
57964.882 0.89 0.00
58437.682 0.64 0.00
59600.062 0.88 0.00
59812.442 0.87 0.00
60676.362 0.81 0.00
60784.592 0.86 0.00
61191.752 0.91 0.00
61257.182 0.66 0.00
61274.022 0.14 0.00
61606.752 0.13 0.00
62007.362 0.77 0.00
62414.642 0.12 0.00
62921.792 0.65 0.00
63002.212 0.90 0.00
63010.992 0.56 0.00
63847.882 0.78 0.00
64183.642 0.88 0.00
64195.842 0.70 0.00
64405.752 0.90 0.00
64440.662 0.86 0.00
65814.102 0.84 0.00
65917.912 0.87 0.00
66331.332 0.79 0.00
66357.662 0.58 0.00
66749.862 0.86 0.00
67052.112 0.89 0.00
69856.372 0.87 0.00
69903.362 0.32 0.00
70120.622 0.80 0.00
70391.402 0.84 0.00
71316.782 0.88 0.00
73985.272 0.88 0.00
74266.562 0.86 0.00
76150.592 0.90 0.00
81276.172 0.90 0.00
82693.212 0.89 0.00
