881.374 0.76 0.00
1873.694 0.88 0.00
2412.494 0.80 0.00
2596.954 0.71 0.00
4503.984 0.61 0.00
4779.324 0.68 0.00
4792.634 0.20 0.00
4911.454 0.46 0.00
5536.964 0.32 0.00
7278.934 0.20 0.00
7660.784 0.28 0.00
7930.674 0.22 0.00
11866.634 0.67 0.00
12350.584 0.69 0.00
13073.094 0.28 0.00
13762.794 0.63 0.00
14777.644 0.43 0.00
15353.904 0.48 0.00
15938.144 0.78 0.00
16794.994 0.70 0.00
17020.724 0.66 0.00
17574.504 0.72 0.00
21424.274 0.80 0.00
22188.334 0.32 0.00
23078.544 0.17 0.00
24056.834 0.43 0.00
24955.184 0.13 0.00
26011.664 0.55 0.00
26781.074 0.38 0.00
28714.684 0.80 0.00
28802.974 0.68 0.00
28966.154 0.51 0.00
29861.354 0.28 0.00
29913.064 0.58 0.00
29954.164 0.60 0.00
29964.884 0.62 0.00
29987.934 0.39 0.00
30052.034 0.36 0.00
30262.684 0.60 0.00
30661.124 0.53 0.00
30671.704 0.60 0.00
30708.774 0.60 0.00
30722.154 0.19 0.00
30746.334 0.14 0.00
30781.684 0.61 0.00
31259.114 0.35 0.00
32855.434 0.62 0.00
34050.904 0.69 0.00
34734.344 0.81 0.00
35998.044 0.79 0.00
37661.554 0.84 0.00
38282.794 0.47 0.00
38694.874 0.64 0.00
40469.504 0.81 0.00
40501.344 0.10 0.00
42639.364 0.42 0.00
43577.284 0.87 0.00
43591.134 0.33 0.00
44702.234 0.32 0.00
44933.024 0.66 0.00
45657.214 0.57 0.00
45787.574 0.42 0.00
45796.594 0.12 0.00
49177.634 0.29 0.00
51874.204 0.64 0.00
52238.874 0.66 0.00
52251.454 0.49 0.00
52302.874 0.47 0.00
52322.664 0.27 0.00
52487.094 0.37 0.00
52758.244 0.16 0.00
52866.004 0.41 0.00
54176.074 0.30 0.00
54689.954 0.74 0.00
54866.254 0.57 0.00
54903.394 0.64 0.00
54911.654 0.22 0.00
56494.324 0.36 0.00
56675.644 0.21 0.00
57543.924 0.14 0.00
57565.774 0.30 0.00
58903.834 0.24 0.00
60787.374 0.79 0.00
61258.164 0.64 0.00
62414.694 0.28 0.00
63013.694 0.26 0.00
64186.794 0.29 0.00
64360.154 0.52 0.00
64444.174 0.13 0.00
65920.704 0.82 0.00
66102.984 0.87 0.00
67055.004 0.42 0.00
67743.154 0.14 0.00
69587.824 0.51 0.00
69603.454 0.13 0.00
69719.334 0.47 0.00
69954.224 0.29 0.00
70630.384 0.56 0.00
71319.574 0.61 0.00
71361.854 0.42 0.00
72270.624 0.49 0.00
72296.724 0.52 0.00
72353.094 0.25 0.00
73579.774 0.62 0.00
74179.524 0.61 0.00
75372.024 0.71 0.00
76153.364 0.73 0.00
79127.494 0.62 0.00
80014.084 0.34 0.00
80499.124 0.84 0.00
82695.044 0.82 0.00
83058.294 0.62 0.00
83435.264 0.13 0.00
