881.024 0.82 0.00
887.374 0.16 0.00
1872.774 0.88 0.00
2411.444 0.88 0.00
2595.914 0.83 0.00
4499.394 0.28 0.00
4771.244 0.79 0.00
4909.054 0.57 0.00
4942.034 0.47 0.00
5488.254 0.34 0.00
5534.464 0.42 0.00
7276.044 0.60 0.00
7648.954 0.30 0.00
7658.024 0.33 0.00
7927.744 0.80 0.00
8370.874 0.74 0.00
11862.444 0.20 0.00
12349.774 0.38 0.00
13070.784 0.76 0.00
13758.684 0.18 0.00
14775.394 0.20 0.00
15352.134 0.47 0.00
15937.334 0.76 0.00
16794.034 0.76 0.00
17018.324 0.45 0.00
17573.214 0.89 0.00
21422.584 0.79 0.00
22186.984 0.81 0.00
24053.904 0.78 0.00
24953.174 0.12 0.00
26009.484 0.55 0.00
28357.974 0.10 0.00
28712.994 0.76 0.00
28800.964 0.24 0.00
28963.304 0.72 0.00
29858.424 0.70 0.00
29910.124 0.77 0.00
29951.214 0.76 0.00
29963.134 0.76 0.00
29984.764 0.71 0.00
30050.004 0.68 0.00
30259.854 0.88 0.00
30658.304 0.80 0.00
30668.824 0.81 0.00
30705.984 0.86 0.00
30719.334 0.27 0.00
30778.924 0.73 0.00
30958.204 0.44 0.00
31256.334 0.68 0.00
31628.974 0.57 0.00
32092.324 0.25 0.00
32852.534 0.87 0.00
34049.104 0.46 0.00
34732.634 0.82 0.00
35995.564 0.82 0.00
37659.844 0.90 0.00
38280.484 0.89 0.00
38472.104 0.32 0.00
38692.564 0.77 0.00
40467.324 0.86 0.00
42636.524 0.76 0.00
43576.564 0.85 0.00
43590.404 0.12 0.00
44699.984 0.89 0.00
44930.824 0.61 0.00
45654.754 0.85 0.00
45786.614 0.15 0.00
49150.954 0.23 0.00
51871.274 0.77 0.00
52236.064 0.89 0.00
52248.584 0.68 0.00
52299.954 0.87 0.00
52319.734 0.62 0.00
52484.314 0.74 0.00
52756.044 0.69 0.00
52863.134 0.71 0.00
53205.224 0.47 0.00
54157.394 0.45 0.00
54685.944 0.34 0.00
54863.334 0.87 0.00
54900.504 0.86 0.00
54910.754 0.40 0.00
56492.614 0.18 0.00
56673.404 0.65 0.00
57042.114 0.23 0.00
57565.014 0.22 0.00
57965.954 0.69 0.00
58901.474 0.43 0.00
60785.624 0.85 0.00
61255.834 0.80 0.00
62412.554 0.78 0.00
63003.284 0.63 0.00
63012.024 0.24 0.00
64184.634 0.74 0.00
64357.964 0.80 0.00
64441.724 0.15 0.00
65918.984 0.83 0.00
66102.094 0.89 0.00
67053.194 0.54 0.00
67740.324 0.60 0.00
69586.034 0.12 0.00
69600.664 0.55 0.00
69718.534 0.12 0.00
69952.014 0.14 0.00
70628.104 0.76 0.00
71317.894 0.45 0.00
71360.704 0.18 0.00
72266.614 0.30 0.00
72292.924 0.42 0.00
73559.224 0.76 0.00
74176.354 0.68 0.00
75371.394 0.76 0.00
76151.614 0.85 0.00
79125.014 0.64 0.00
80012.594 0.13 0.00
80498.024 0.84 0.00
81277.124 0.48 0.00
82693.864 0.87 0.00
83056.004 0.80 0.00
83431.804 0.68 0.00
