    1   2020 05 10 01:14:06.820     4446.820  0.0248 29.3736 104.5112   6.00   -inf  -nan   2   2   4   2 214.19
    2   2020 05 10 03:43:01.947    13381.947  0.0539 29.3936 104.4882   5.00   -inf  -nan   2   2   4   2 212.34
    3   2020 05 10 09:04:46.251    32686.251  0.0121 29.3736 104.5341   5.00   -inf  -nan   2   2   4   2 262.28
    4   2020 05 10 09:07:45.571    32865.571  0.0144 29.3936 104.5341   6.00   -inf  -nan   2   2   4   2 334.93
    5   2020 05 10 10:17:39.297    37059.297  0.0392 29.3936 104.4882   6.00   -inf  -nan   2   2   4   2 212.34
    6   2020 05 10 10:18:41.977    37121.977  0.3632 29.4496 104.5544   1.00   -inf  -nan   2   3   5   2 263.04
    7   2020 05 10 12:10:41.809    43841.809  0.0399 29.3896 104.4855   5.00   -inf  -nan   3   1   4   1 155.06
    8   2020 05 10 12:43:37.769    45817.769  0.0369 29.3936 104.4882   5.00   -inf  -nan   2   3   5   2 147.66
    9   2020 05 10 13:28:55.510    48535.510  0.0973 29.3896 104.4855   4.00   -inf  -nan   4   4   8   4 155.06
   10   2020 05 10 13:34:04.054    48844.054  0.0415 29.3896 104.4855   5.00   -inf  -nan   2   2   4   2 285.90
   11   2020 05 10 14:01:03.758    50463.758  0.0832 29.3786 104.5063   3.00   -inf  -nan   3   3   6   3 266.42
   12   2020 05 10 14:01:21.046    50481.046  0.0810 29.4096 104.4167   0.00   -inf  -nan   2   2   4   2 279.62
   13   2020 05 10 14:45:11.409    53111.409  0.0315 29.4296 104.4167   3.00   -inf  -nan   2   2   4   2 303.53
   14   2020 05 10 14:50:23.947    53423.947  0.0812 29.4096 104.4855   6.00   -inf  -nan   3   3   6   3 201.74
   15   2020 05 10 15:05:08.990    54308.990  0.0324 29.3896 104.4855   5.00   -inf  -nan   3   2   5   2 155.06
   16   2020 05 10 15:07:21.394    54441.394  0.1553 29.3936 104.4882   4.00   -inf  -nan   4   4   8   4 147.66
   17   2020 05 10 15:09:55.838    54595.838  0.0991 29.4786 104.4834   3.00   -inf  -nan   3   3   6   3 287.47
   18   2020 05 10 16:08:15.757    58095.757  0.0342 29.4296 104.4167   3.00   -inf  -nan   2   2   4   2 303.53
   19   2020 05 10 16:55:28.316    60928.316  0.1090 29.3896 104.4855   4.00   -inf  -nan   4   4   8   4 155.06
   20   2020 05 10 17:52:20.569    64340.569  0.0291 29.4296 104.4167   1.00   -inf  -nan   2   2   4   2 303.53
   21   2020 05 10 17:59:57.750    64797.750  0.0500 29.4296 104.4167   3.00   -inf  -nan   2   2   4   2 303.53
   22   2020 05 10 19:17:50.031    69470.031  0.0167 29.3696 104.4855   3.00   -inf  -nan   2   2   4   2 272.14
   23   2020 05 10 20:23:39.255    73419.255  0.0834 29.3896 104.4855   5.00   -inf  -nan   3   3   6   3 155.06
   24   2020 05 10 21:13:01.750    76381.750  0.2256 29.4986 104.5063   1.00   -inf  -nan   2   2   4   2 338.25
   25   2020 05 10 21:33:40.656    77620.656  0.0645 29.3896 104.4855   4.00   -inf  -nan   4   4   8   4 155.06
   26   2020 05 10 22:46:18.989    81978.989  0.0494 29.3896 104.4855   5.00   -inf  -nan   3   2   5   2 155.06
    1   2020 05 11 01:04:26.062     3866.062  0.0363 29.3936 104.4882   5.00   -inf  -nan   2   2   4   2 212.34
    2   2020 05 11 03:25:46.922    12346.922  0.0832 29.3896 104.4855   4.00   -inf  -nan   2   3   5   2 241.42
    3   2020 05 11 03:37:48.894    13068.894  0.1331 29.3798 104.4951   1.00   -inf  -nan   3   3   6   3 257.61
    4   2020 05 11 03:55:00.571    14100.571  0.0756 29.4096 104.4167   0.00   -inf  -nan   2   2   4   2 279.62
    5   2020 05 11 04:07:42.385    14862.385  0.0434 29.4096 104.4396   6.00   -inf  -nan   2   2   4   2 257.29
    6   2020 05 11 04:15:50.175    15350.175  0.0697 29.4296 104.4167   2.00   -inf  -nan   2   2   4   2 303.53
    7   2020 05 11 04:52:52.444    17572.444  0.1619 29.4696 104.4855   6.00   -inf  -nan   3   3   6   3 212.46
    8   2020 05 11 05:32:43.461    19963.461  0.0509 29.4096 104.4396   5.00   -inf  -nan   2   2   4   2 257.29
    9   2020 05 11 05:57:00.686    21420.686  0.0787 29.3896 104.4855   4.00   -inf  -nan   3   3   6   3 241.42
   10   2020 05 11 06:09:45.515    22185.515  0.0459 29.4296 104.4396   2.00   -inf  -nan   2   2   4   2 305.90
   11   2020 05 11 06:42:17.020    24137.020  0.0646 29.4296 104.4167   2.00   -inf  -nan   2   2   4   2 303.53
   12   2020 05 11 06:45:54.310    24354.310  0.0280 29.4296 104.4167   3.00   -inf  -nan   2   2   4   2 303.53
   13   2020 05 11 06:48:06.738    24486.738  0.0461 29.3896 104.4855   5.00   -inf  -nan   3   2   5   2 241.42
   14   2020 05 11 06:56:28.141    24988.141  0.1214 29.3896 104.4855   6.00   -inf  -nan   3   3   6   3 241.42
   15   2020 05 11 07:10:30.172    25830.172  0.0309 29.4296 104.4167   3.00   -inf  -nan   2   2   4   2 303.53
   16   2020 05 11 07:58:30.961    28710.961  0.0914 29.3896 104.4855   5.00   -inf  -nan   3   3   6   3 241.42
   17   2020 05 11 07:59:59.368    28799.368  0.0754 29.3896 104.4855   4.00   -inf  -nan   3   3   6   3 241.42
   18   2020 05 11 08:06:26.145    29186.145  0.0483 29.3896 104.4855   5.00   -inf  -nan   2   2   4   2 285.90
   19   2020 05 11 08:19:21.072    29961.072  0.0298 29.4296 104.4167   3.00   -inf  -nan   2   2   4   2 303.53
   20   2020 05 11 08:35:55.411    30955.411  0.2547 29.4786 104.5063  19.00   -inf  -nan   2   2   4   2 299.82
   21   2020 05 11 08:59:38.468    32378.468  0.1087 29.3798 104.4951   1.00   -inf  -nan   3   2   5   2 257.61
   22   2020 05 11 09:27:27.284    34047.284  0.0664 29.3896 104.4855   4.00   -inf  -nan   3   3   6   3 241.42
   23   2020 05 11 09:37:16.785    34636.785  0.0442 29.3896 104.4855   5.00   -inf  -nan   2   2   4   2 285.90
   24   2020 05 11 09:38:50.751    34730.751  0.0680 29.3896 104.4855   4.00   -inf  -nan   3   3   6   3 241.42
   25   2020 05 11 10:27:37.971    37657.971  0.0608 29.3896 104.4855   4.00   -inf  -nan   3   3   6   3 241.42
   26   2020 05 11 10:37:58.346    38278.346  0.1292 29.3786 104.4375   5.00   -inf  -nan   2   2   4   2 346.62
   27   2020 05 11 12:24:57.851    44697.851  0.1235 29.3786 104.4375   5.00   -inf  -nan   2   2   4   2 346.62
   28   2020 05 11 13:20:16.821    48016.821  0.0274 29.3896 104.4855   4.00   -inf  -nan   2   2   4   2 315.52
   29   2020 05 11 14:39:14.105    52754.105  0.0826 29.3896 104.4396   5.00   -inf  -nan   2   2   4   2 338.08
   30   2020 05 11 14:56:28.073    53788.073  0.0237 29.3896 104.4396   5.00   -inf  -nan   2   2   4   2 338.08
   31   2020 05 11 15:41:30.731    56490.731  0.0272 29.3896 104.4855   4.00   -inf  -nan   2   2   4   2 315.52
   32   2020 05 11 15:50:39.961    57039.961  0.1168 29.3786 104.4375   5.00   -inf  -nan   2   2   4   2 346.62
   33   2020 05 11 16:06:04.061    57964.061  0.0495 29.3896 104.4855   4.00   -inf  -nan   2   2   4   2 315.52
   34   2020 05 11 16:53:03.674    60783.674  0.0352 29.3896 104.4626   5.00   -inf  -nan   2   2   4   2 347.83
   35   2020 05 11 17:30:01.421    63001.421  0.0535 29.4096 104.4167   0.00   -inf  -nan   2   2   4   2 309.90
   36   2020 05 11 17:30:10.106    63010.106  0.0460 29.3896 104.4855   4.00   -inf  -nan   2   2   4   2 315.52
   37   2020 05 11 17:49:42.680    64182.680  0.0860 29.3896 104.4396   5.00   -inf  -nan   2   2   4   2 338.08
   38   2020 05 11 18:18:37.128    65917.128  0.0476 29.4096 104.4167   0.00   -inf  -nan   2   2   4   2 309.90
   39   2020 05 11 19:48:35.874    71315.874  0.0784 29.3896 104.4626   5.00   -inf  -nan   2   2   4   2 347.83
   40   2020 05 11 21:09:09.692    76149.692  0.0298 29.3896 104.4626   5.00   -inf  -nan   2   2   4   2 347.83
   41   2020 05 11 22:34:34.869    81274.869  0.1087 29.3786 104.4375   6.00   -inf  -nan   2   2   4   2 346.62
   42   2020 05 11 22:58:12.474    82692.474  0.0425 29.4296 104.4396   3.00   -inf  -nan   2   2   4   2 262.45
