2020 05 10 01 14  6.795 29.3748 104.5109   6.148  0.00    4 214.186  0.018      1
2020 05 10 03 43  1.955 29.3666 104.4970   4.938  0.00    4 212.338  0.022      2
2020 05 10 09 04 46.242 29.4086 104.5201   5.049  0.00    4 262.277  0.009      3
2020 05 10 09 07 45.562 29.3908 104.5352   6.041  0.00    4 334.926  0.007      4
2020 05 10 10 17 39.290 29.3675 104.5012   6.048  0.00    4 212.338  0.005      5
2020 05 10 10 18 41.497 29.4442 104.5655   6.952  0.00    5 263.042  0.214      6
2020 05 10 12 10 41.749 29.3902 104.4867   5.220  0.00    4 155.063  0.024      7
2020 05 10 12 43 37.748 29.3951 104.4866   5.108  0.00    5 147.662  0.011      8
2020 05 10 13 28 55.470 29.3881 104.4880   4.131  0.00    8 155.063  0.073      9
2020 05 10 13 34  4.084 29.3884 104.4843   4.806  0.00    4 285.903  0.021     10
2020 05 10 14 01  3.761 29.3794 104.5063   2.961  0.00    6 266.422  0.074     11
2020 05 10 14 01 21.046 29.4109 104.4179   0.000  0.00    4 279.620  0.061     12
2020 05 10 14 45 11.410 29.4305 104.4178   2.973  0.00    4 303.527  0.021     13
2020 05 10 14 50 24.016 29.4024 104.4866   5.687  0.00    6 201.744  0.030     14
2020 05 10 15 05  8.958 29.3897 104.4873   5.120  0.00    5 155.063  0.007     15
2020 05 10 15 07 21.396 29.3862 104.4883   3.750  0.00    8 147.662  0.064     16
2020 05 10 15 09 55.839 29.4795 104.4910   2.941  0.00    6 287.473  0.060     17
2020 05 10 16 08 15.752 29.4303 104.4173   3.039  0.00    4 303.527  0.027     18
2020 05 10 16 55 28.271 29.3880 104.4880   3.995  0.00    8 155.063  0.078     19
2020 05 10 17 52 20.556 29.4301 104.4168   1.500  0.00    4 303.527  0.018     20
2020 05 10 17 59 57.768 29.4296 104.4162   2.801  0.00    4 303.527  0.042     21
2020 05 10 19 17 50.053 29.3696 104.4849   2.759  0.00    4 272.141  0.009     22
2020 05 10 20 23 39.168 29.3903 104.4894   5.500  0.00    6 155.063  0.020     23
2020 05 10 21 13  1.699 29.5039 104.4908   1.071  0.00    4 338.248  0.185     24
2020 05 10 21 33 40.654 29.3891 104.4868   3.927  0.00    8 155.063  0.055     25
2020 05 10 22 46 18.970 29.3898 104.4878   4.996  0.00    5 155.063  0.028     26
2020 05 11 01 04 26.019 29.3678 104.4975   5.305  0.00    4 212.338  0.017      1
2020 05 11 03 25 46.940 29.3895 104.4874   3.771  0.00    5 241.424  0.066      2
2020 05 11 03 37 48.877 29.3760 104.4958   0.777  0.00    6 257.611  0.074      3
2020 05 11 03 55  0.568 29.4101 104.4174   0.000  0.00    4 279.620  0.064      4
2020 05 11 04 07 42.387 29.3940 104.4720   5.986  0.00    4 257.293  0.019      5
2020 05 11 04 15 50.132 29.4296 104.4167   2.500  0.00    4 303.527  0.055      6
2020 05 11 04 52 52.386 29.4661 104.4932   6.054  0.00    6 212.459  0.142      7
2020 05 11 05 32 43.493 29.4074 104.4396   4.821  0.00    4 257.293  0.022      8
2020 05 11 05 57  0.680 29.3894 104.4839   3.982  0.00    6 241.424  0.068      9
2020 05 11 06 09 45.525 29.4283 104.4383   1.928  0.00    4 305.896  0.022     10
2020 05 11 06 42 17.034 29.4288 104.4146   1.636  0.00    4 303.527  0.049     11
2020 05 11 06 45 54.324 29.4290 104.4150   2.786  0.00    4 303.527  0.017     12
2020 05 11 06 48  6.743 29.3871 104.4844   4.969  0.00    5 241.424  0.008     13
2020 05 11 06 56 28.189 29.3930 104.4844   5.695  0.00    6 241.424  0.099     14
2020 05 11 07 10 30.184 29.4298 104.4168   2.858  0.00    4 303.527  0.026     15
2020 05 11 07 58 31.005 29.3871 104.4840   4.647  0.00    6 241.424  0.060     16
2020 05 11 07 59 59.338 29.3908 104.4878   4.192  0.00    6 241.424  0.052     17
2020 05 11 08 06 26.152 29.3872 104.4848   4.955  0.00    4 285.903  0.023     18
2020 05 11 08 19 21.082 29.4299 104.4173   2.877  0.00    4 303.527  0.024     19
2020 05 11 08 35 55.575 29.4693 104.4804  18.087  0.00    4 299.817  0.193     20
2020 05 11 08 59 38.320 29.3788 104.4967   3.500  0.00    5 257.611  0.032     21
2020 05 11 09 27 27.226 29.3893 104.4847   4.442  0.00    6 241.424  0.053     22
2020 05 11 09 37 16.782 29.3868 104.4854   5.015  0.00    4 285.903  0.008     23
2020 05 11 09 38 50.737 29.3899 104.4855   4.054  0.00    6 241.424  0.062     24
2020 05 11 10 27 37.948 29.3898 104.4849   4.137  0.00    6 241.424  0.054     25
2020 05 11 10 37 58.370 29.3722 104.4511   4.654  0.00    4 346.624  0.087     26
2020 05 11 12 24 57.850 29.3721 104.4511   4.863  0.00    4 346.624  0.082     27
2020 05 11 13 20 16.819 29.3890 104.4836   4.013  0.00    4 315.521  0.017     28
2020 05 11 14 39 14.048 29.3818 104.4695   5.344  0.00    4 338.083  0.060     29
2020 05 11 14 56 28.092 29.3828 104.4718   4.881  0.00    4 338.083  0.016     30
2020 05 11 15 41 30.723 29.3893 104.4843   4.058  0.00    4 315.521  0.021     31
2020 05 11 15 50 39.971 29.3725 104.4512   4.797  0.00    4 346.624  0.082     32
2020 05 11 16 06  4.068 29.3892 104.4853   3.956  0.00    4 315.521  0.041     33
2020 05 11 16 53  3.663 29.3945 104.4446   5.067  0.00    4 347.827  0.023     34
2020 05 11 17 30  1.421 29.4108 104.4160   0.000  0.00    4 309.900  0.043     35
2020 05 11 17 30 10.124 29.3888 104.4847   3.882  0.00    4 315.521  0.034     36
2020 05 11 17 49 42.629 29.3810 104.4624   5.308  0.00    4 338.083  0.049     37
2020 05 11 18 18 37.123 29.4102 104.4163   0.000  0.00    4 309.900  0.041     38
2020 05 11 19 48 35.898 29.3899 104.4564   4.866  0.00    4 347.827  0.062     39
2020 05 11 21 09  9.694 29.3897 104.4670   4.991  0.00    4 347.827  0.020     40
2020 05 11 22 34 34.882 29.3733 104.4514   5.844  0.00    4 346.624  0.085     41
2020 05 11 22 58 12.486 29.4291 104.4392   2.901  0.00    4 262.446  0.033     42
