593.184 0.80 0.00
609.734 0.88 0.00
2462.254 0.75 0.00
3090.544 0.80 0.00
3628.434 0.42 0.00
3647.474 0.17 0.00
4181.094 0.82 0.00
4355.514 0.18 0.00
5256.954 0.63 0.00
7031.294 0.26 0.00
7135.474 0.18 0.00
7858.224 0.36 0.00
7912.244 0.24 0.00
7979.404 0.34 0.00
8339.314 0.49 0.00
9288.734 0.42 0.00
9957.894 0.22 0.00
9968.994 0.26 0.00
9957.804 0.58 0.00
10011.414 0.62 0.00
10107.234 0.82 0.00
11757.354 0.30 0.00
12567.044 0.69 0.00
14832.074 0.20 0.00
15858.154 0.59 0.00
16430.044 0.44 0.00
16517.884 0.86 0.00
16635.384 0.52 0.00
16635.434 0.84 0.00
17281.494 0.17 0.00
17857.504 0.21 0.00
18741.144 0.17 0.00
19052.514 0.77 0.00
19076.984 0.26 0.00
20695.544 0.78 0.00
22960.434 0.43 0.00
24586.154 0.76 0.00
25515.814 0.62 0.00
25996.114 0.52 0.00
