591.434 0.88 0.00
609.104 0.68 0.00
2460.514 0.80 0.00
3088.854 0.80 0.00
3627.334 0.25 0.00
3646.614 0.11 0.00
4179.384 0.81 0.00
4319.884 0.51 0.00
6737.924 0.39 0.00
7028.574 0.68 0.00
7133.334 0.76 0.00
7855.714 0.42 0.00
7910.604 0.20 0.00
7958.944 0.22 0.00
8337.144 0.82 0.00
9286.504 0.71 0.00
9966.694 0.14 0.00
9955.634 0.30 0.00
10010.134 0.20 0.00
10105.574 0.73 0.00
11755.534 0.86 0.00
12565.264 0.81 0.00
14331.134 0.16 0.00
14830.014 0.86 0.00
15856.444 0.67 0.00
16428.934 0.82 0.00
16517.564 0.89 0.00
16631.134 0.17 0.00
16635.084 0.58 0.00
16784.614 0.27 0.00
17281.114 0.63 0.00
17855.434 0.64 0.00
18738.684 0.78 0.00
19051.514 0.82 0.00
19076.204 0.16 0.00
20693.834 0.81 0.00
22957.884 0.59 0.00
24584.424 0.72 0.00
25513.184 0.66 0.00
25993.074 0.74 0.00
